Número de tareas 50
Coste óptimo 139

Costes c_ij
30 20 82 50 2 24 40 25 33 53 5 6 48 63 31 63 23 58 84 67 34 94 95 65 46 25 79 29 17 76 13 46 84 27 19 74 30 27 28 99 53 89 98 98 16 3 48 2 72 70
67 22 40 93 61 15 4 3 48 53 79 58 41 82 55 85 24 1 90 76 45 60 48 56 56 71 43 96 80 41 12 82 81 46 61 17 41 38 76 63 31 58 47 13 19 79 87 36 74 88
56 100 70 90 11 31 19 16 55 77 20 64 45 40 13 72 19 59 28 2 78 17 45 97 98 5 37 67 6 92 84 18 60 23 24 25 85 96 47 95 4 35 11 65 95 51 87 2 52 45
46 49 3 95 17 39 32 92 34 4 45 23 77 38 99 58 2 29 58 78 75 77 6 60 51 56 87 80 20 16 15 15 100 17 56 22 43 86 94 69 4 6 30 55 99 10 33 41 37 65
18 89 25 60 85 39 87 16 19 60 4 13 83 23 35 77 24 89 77 83 80 62 51 28 48 36 86 78 51 76 77 21 48 52 13 14 89 61 11 36 49 92 27 95 67 92 66 55 17 56
80 29 30 6 76 23 82 21 29 82 31 13 73 68 7 5 25 97 1 12 79 100 50 80 49 34 39 2 73 19 58 100 39 82 27 95 3 98 12 12 24 1 61 99 5 28 40 65 42 27
31 57 71 40 55 54 5 42 23 31 14 55 95 77 26 92 45 100 42 17 7 7 3 85 4 67 39 72 51 98 69 70 28 8 68 7 57 1 66 41 56 97 16 45 78 57 72 52 30 60
62 53 67 10 45 72 20 12 55 95 70 91 31 38 27 23 77 51 14 80 76 59 38 32 3 90 79 69 15 39 69 35 23 41 88 57 58 75 11 21 77 76 77 61 47 54 71 8 52 16
71 75 4 10 10 4 72 51 42 7 11 73 75 59 10 4 70 19 93 90 75 8 31 29 23 74 11 39 63 69 97 7 85 31 69 24 84 55 89 90 87 85 43 31 96 64 42 25 86 65
50 96 74 18 30 73 14 10 69 33 81 32 72 18 46 93 2 65 100 80 5 47 42 2 90 68 9 68 82 39 11 10 57 11 94 4 99 26 93 52 96 85 20 22 82 60 76 76 12 13
76 77 92 8 56 35 28 42 85 47 28 31 59 34 31 100 80 89 95 19 67 75 49 19 56 70 6 35 44 71 98 76 73 78 29 66 24 3 54 57 89 69 54 98 97 98 34 86 15 53
20 4 51 13 34 81 46 60 73 46 2 22 16 21 27 70 25 41 68 68 30 86 89 74 15 70 21 53 5 57 73 32 92 29 62 42 50 91 69 53 10 20 1 98 16 20 83 76 97 4
51 20 15 71 41 24 84 31 71 46 74 81 20 22 69 76 85 12 34 9 68 93 56 23 31 9 19 56 93 74 63 56 27 81 4 82 51 28 41 4 28 30 67 3 16 19 72 3 30 94
59 18 69 8 86 43 45 48 79 17 97 21 9 6 76 29 93 14 63 95 82 17 28 24 19 11 57 60 57 84 3 17 49 91 74 14 66 15 47 74 97 47 60 3 79 39 42 97 46 58
74 94 86 76 39 23 73 85 53 61 94 57 27 30 31 12 97 77 42 39 2 77 29 8 70 22 14 1 6 7 11 99 24 89 86 28 34 31 65 39 96 71 9 54 48 30 69 99 8 72
96 90 51 47 56 91 75 43 80 91 34 53 54 16 54 75 64 10 100 1 72 22 92 7 20 10 6 31 35 33 42 56 83 75 30 19 11 9 77 50 95 25 62 1 53 55 53 18 100 32
10 39 26 31 6 86 28 78 12 58 7 19 73 25 74 68 98 15 19 8 57 4 41 6 49 96 69 34 87 37 59 13 81 44 45 18 53 95 1 20 74 64 73 2 3 91 72 76 43 25
94 73 85 75 100 37 53 26 3 68 36 52 62 100 70 79 49 44 95 39 49 72 2 99 74 18 38 64 81 60 34 56 58 7 38 70 55 75 29 54 13 8 41 16 53 2 56 62 70 40
67 53 90 49 5 29 96 64 57 95 49 40 84 78 76 36 98 64 26 46 71 59 11 68 87 78 44 42 46 40 32 38 98 88 97 22 89 17 81 37 75 3 91 66 42 48 65 48 59 40
82 91 90 94 95 24 74 80 83 3 76 92 85 27 97 43 83 42 44 72 58 70 41 35 18 89 53 18 50 86 8 19 69 18 22 52 69 24 49 3 13 27 95 69 57 36 61 92 66 61
30 44 69 77 76 23 34 24 89 16 6 48 39 99 90 29 17 4 87 17 29 62 50 9 29 55 20 32 84 44 35 72 13 55 8 12 77 1 68 41 82 57 62 88 38 96 42 92 40 61
31 97 60 84 32 34 88 1 90 49 26 44 14 87 75 7 43 11 31 82 39 11 57 78 73 49 39 69 25 23 52 68 50 85 53 37 77 17 88 75 65 76 96 99 18 81 37 28 58 10
48 45 89 79 76 22 13 40 35 50 23 98 39 21 1 11 16 96 68 55 67 9 24 24 33 40 42 44 13 54 22 69 84 88 22 12 26 47 56 19 23 6 34 57 52 68 98 48 97 47
60 53 7 35 6 32 58 57 18 97 42 63 3 71 34 38 53 56 38 77 25 92 17 55 44 10 62 28 62 5 71 55 15 2 29 20 96 30 45 29 18 5 3 4 56 30 15 86 15 82
26 36 57 42 59 35 80 79 48 38 19 72 98 44 93 100 19 37 8 69 34 51 94 39 70 24 2 17 88 37 97 66 99 12 18 33 47 64 47 44 11 71 57 14 53 71 80 26 31 93
46 78 90 34 87 52 11 19 73 55 92 98 65 26 21 40 10 42 53 36 75 61 51 88 4 80 63 49 46 43 5 97 45 74 96 16 33 25 95 45 28 97 9 100 25 65 14 71 39 92
64 81 39 44 21 22 62 36 81 69 75 65 50 18 96 39 48 28 43 3 10 76 85 85 40 66 10 62 97 38 24 84 37 48 5 62 76 43 4 65 87 44 34 12 51 93 2 61 30 92
83 6 51 50 10 73 3 49 45 16 96 1 61 33 41 91 23 82 95 85 15 18 67 48 13 89 72 15 77 55 86 46 100 86 61 99 96 92 1 100 9 1 68 59 18 31 42 4 1 31
82 91 39 89 3 25 78 13 61 59 100 43 26 13 46 11 80 75 58 85 27 36 10 69 46 4 40 60 96 64 25 31 28 31 62 55 56 60 99 28 17 67 67 35 30 8 89 58 54 51
25 42 90 53 59 10 97 28 37 69 2 57 74 38 21 100 47 6 68 76 18 30 85 37 16 98 60 18 23 53 10 66 43 70 67 47 7 89 18 97 29 33 52 50 37 14 12 2 68 62
16 94 59 17 74 60 21 67 3 35 30 13 87 76 83 3 51 24 62 61 1 87 71 38 88 16 12 20 39 17 52 34 10 47 45 77 25 29 76 58 95 79 31 67 44 42 17 84 69 32
48 30 97 31 25 62 8 56 35 96 57 11 58 84 55 41 78 87 25 35 55 81 90 88 68 68 66 9 91 2 95 94 49 68 61 79 43 31 68 79 21 45 72 17 56 8 38 62 51 88
40 49 87 73 14 76 25 73 58 83 57 72 42 86 42 93 50 71 43 47 59 41 25 79 89 59 57 96 30 13 65 7 27 79 11 60 60 32 35 76 73 82 15 67 25 56 20 44 72 18
1 33 85 86 74 10 33 43 74 47 24 85 9 100 99 82 10 70 57 29 22 25 79 5 89 65 38 43 92 99 92 81 65 70 51 83 18 47 90 72 8 84 54 92 98 92 67 16 55 48
87 91 21 72 54 25 100 91 23 40 72 78 44 11 66 44 82 61 60 40 80 59 9 7 97 32 50 49 47 62 11 34 68 20 60 2 59 6 96 9 24 95 5 59 71 19 50 33 92 37
55 32 68 66 97 10 37 78 62 55 5 72 2 53 56 67 33 16 75 13 59 13 31 95 56 28 51 73 61 55 50 71 78 24 16 41 31 92 50 5 77 41 80 16 75 33 64 88 98 35
5 87 56 47 68 23 10 72 4 13 65 74 81 23 16 24 70 28 94 58 80 64 34 11 56 55 81 24 73 43 4 96 75 71 16 99 59 33 73 20 3 31 32 70 47 41 99 58 92 82
90 84 44 16 51 16 9 48 58 47 20 8 68 12 47 68 25 42 2 100 10 1 68 50 29 53 83 1 78 1 41 66 31 68 89 31 67 13 22 48 54 80 10 12 75 45 83 6 53 24
20 46 72 44 94 25 18 21 57 73 16 5 32 68 78 82 67 13 64 85 37 35 96 29 13 1 32 85 49 9 17 59 93 7 73 21 71 5 24 58 65 93 70 42 52 20 100 73 69 90
38 70 32 55 79 70 45 99 31 82 32 33 96 36 3 65 98 61 63 28 92 73 62 58 48 15 85 71 5 88 32 41 69 33 31 37 66 75 68 52 20 3 79 2 44 14 72 7 2 8
35 32 46 52 32 30 88 89 72 16 2 59 99 82 93 57 24 63 39 44 87 16 36 63 85 71 21 14 54 36 84 96 5 7 85 8 67 58 12 18 9 72 78 34 25 100 68 73 59 12
86 41 27 95 16 12 28 40 20 52 73 32 54 41 5 61 44 61 83 80 70 79 35 97 4 18 90 60 86 24 73 64 32 32 100 58 44 69 7 15 84 7 96 65 49 100 41 4 20 88
45 41 81 56 20 55 84 92 84 1 99 79 2 93 62 87 32 8 17 78 6 86 69 5 69 84 90 86 24 48 89 80 61 47 74 77 67 43 77 90 71 73 91 82 70 96 13 53 73 76
2 58 22 14 3 33 72 99 4 20 74 38 79 71 5 58 73 38 1 28 83 15 90 36 57 11 22 23 11 47 56 9 100 62 32 29 79 79 29 86 28 79 85 70 22 43 8 82 90 34
100 68 34 73 67 59 65 61 22 69 19 1 47 95 81 40 54 73 14 74 14 80 59 43 78 23 81 82 16 30 56 45 22 8 32 65 90 81 80 83 91 91 12 100 2 55 56 96 12 12
75 20 76 7 49 31 55 97 85 29 14 26 13 83 99 22 1 17 42 27 76 46 24 61 85 59 46 45 52 35 94 1 38 25 48 78 38 78 40 76 81 63 61 78 80 56 45 52 79 15
23 6 72 66 61 75 81 37 19 33 67 33 61 1 78 45 13 76 32 58 68 60 96 5 62 25 98 51 26 55 4 33 48 22 30 3 86 16 72 59 15 4 37 28 9 20 4 62 38 42
83 2 23 4 99 100 90 42 39 68 53 20 39 43 38 59 46 34 45 48 89 82 49 69 55 90 32 14 42 60 11 69 46 35 24 48 45 2 76 62 55 48 6 27 10 69 23 59 94 71
77 59 66 60 93 42 61 94 17 33 75 12 87 78 3 9 10 44 45 1 33 34 41 98 3 66 100 56 52 49 86 81 48 27 75 79 58 1 14 59 73 15 88 92 39 84 68 86 88 12
41 15 23 40 34 51 57 45 48 14 94 70 50 40 46 31 49 31 5 99 5 39 7 8 13 41 32 22 5 74 89 58 87 12 81 78 47 4 94 16 69 25 58 67 43 13 13 12 45 72
